[
  {
    "action": 0,
    "latent_code": [
      32,
      189,
      23,
      196,
      87,
      115,
      255,
      8,
      89,
      82,
      174,
      89,
      37,
      7,
      82,
      230,
      13,
      117,
      211,
      134,
      125,
      89,
      89,
      183,
      128,
      209,
      75,
      63,
      82,
      89,
      21,
      128,
      130,
      93,
      183
    ]
  },
  {
    "action": 6,
    "latent_code": [
      32,
      189,
      23,
      196,
      87,
      115,
      255,
      8,
      89,
      82,
      174,
      89,
      37,
      7,
      82,
      230,
      13,
      25,
      211,
      134,
      125,
      89,
      89,
      183,
      128,
      209,
      75,
      63,
      82,
      89,
      21,
      128,
      130,
      93,
      183
    ]
  },
  {
    "action": 5,
    "latent_code": [
      89,
      189,
      23,
      196,
      89,
      163,
      255,
      8,
      89,
      7,
      174,
      89,
      37,
      7,
      82,
      230,
      13,
      184,
      211,
      134,
      125,
      89,
      89,
      89,
      128,
      209,
      75,
      63,
      229,
      89,
      21,
      128,
      238,
      115,
      183
    ]
  },
  {
    "action": 3,
    "latent_code": [
      89,
      189,
      23,
      196,
      89,
      163,
      255,
      8,
      89,
      7,
      174,
      89,
      37,
      7,
      82,
      230,
      13,
      71,
      211,
      134,
      125,
      89,
      89,
      183,
      128,
      209,
      75,
      63,
      229,
      89,
      21,
      128,
      238,
      115,
      183
    ]
  },
  {
    "action": 3,
    "latent_code": [
      32,
      189,
      23,
      196,
      87,
      115,
      255,
      8,
      89,
      7,
      174,
      89,
      37,
      7,
      82,
      230,
      13,
      222,
      211,
      134,
      125,
      89,
      89,
      183,
      128,
      209,
      75,
      63,
      82,
      89,
      21,
      128,
      130,
      93,
      183
    ]
  },
  {
    "action": 7,
    "latent_code": [
      32,
      189,
      23,
      196,
      87,
      115,
      255,
      8,
      89,
      7,
      65,
      89,
      37,
      7,
      82,
      230,
      13,
      184,
      211,
      134,
      125,
      89,
      89,
      89,
      128,
      209,
      75,
      63,
      82,
      89,
      21,
      128,
      130,
      93,
      183
    ]
  },
  {
    "action": 0,
    "latent_code": [
      89,
      189,
      23,
      196,
      89,
      163,
      255,
      8,
      89,
      82,
      174,
      89,
      37,
      7,
      82,
      230,
      13,
      71,
      211,
      134,
      125,
      89,
      89,
      183,
      18,
      209,
      75,
      63,
      229,
      89,
      21,
      128,
      238,
      115,
      183
    ]
  },
  {
    "action": 6,
    "latent_code": [
      89,
      189,
      23,
      196,
      89,
      163,
      255,
      8,
      89,
      82,
      174,
      89,
      37,
      7,
      82,
      230,
      13,
      25,
      211,
      134,
      125,
      89,
      89,
      183,
      128,
      209,
      75,
      63,
      229,
      89,
      21,
      128,
      238,
      115,
      183
    ]
  },
  {
    "action": 1,
    "latent_code": [
      32,
      189,
      23,
      196,
      87,
      115,
      255,
      8,
      89,
      82,
      174,
      89,
      37,
      7,
      82,
      230,
      13,
      179,
      211,
      134,
      125,
      89,
      89,
      8,
      128,
      209,
      75,
      63,
      82,
      89,
      21,
      128,
      130,
      93,
      183
    ]
  },
  {
    "action": 0,
    "latent_code": [
      32,
      189,
      23,
      196,
      87,
      115,
      255,
      8,
      89,
      82,
      174,
      89,
      37,
      7,
      82,
      230,
      13,
      71,
      211,
      134,
      125,
      89,
      89,
      183,
      18,
      209,
      75,
      63,
      82,
      89,
      21,
      128,
      130,
      93,
      183
    ]
  },
  {
    "action": 4,
    "latent_code": [
      89,
      189,
      23,
      196,
      89,
      163,
      255,
      8,
      89,
      7,
      174,
      89,
      37,
      7,
      82,
      230,
      13,
      25,
      211,
      134,
      125,
      89,
      89,
      183,
      128,
      209,
      75,
      63,
      229,
      89,
      21,
      128,
      238,
      115,
      183
    ]
  },
  {
    "action": 8,
    "latent_code": [
      89,
      189,
      23,
      196,
      89,
      163,
      255,
      8,
      89,
      7,
      65,
      89,
      37,
      7,
      82,
      230,
      13,
      184,
      211,
      134,
      125,
      89,
      89,
      89,
      128,
      209,
      75,
      63,
      229,
      89,
      21,
      128,
      238,
      115,
      183
    ]
  },
  {
    "action": 6,
    "latent_code": [
      32,
      189,
      23,
      196,
      87,
      115,
      255,
      8,
      89,
      7,
      174,
      89,
      37,
      7,
      82,
      230,
      13,
      117,
      211,
      134,
      125,
      89,
      89,
      183,
      128,
      209,
      75,
      63,
      82,
      89,
      21,
      128,
      130,
      93,
      183
    ]
  },
  {
    "action": 6,
    "latent_code": [
      32,
      189,
      23,
      196,
      87,
      115,
      255,
      8,
      89,
      7,
      174,
      89,
      37,
      7,
      82,
      230,
      13,
      25,
      211,
      134,
      125,
      89,
      89,
      183,
      128,
      209,
      75,
      63,
      82,
      89,
      21,
      128,
      130,
      93,
      183
    ]
  },
  {
    "action": 6,
    "latent_code": [
      89,
      189,
      23,
      196,
      89,
      163,
      255,
      8,
      89,
      82,
      174,
      89,
      37,
      7,
      82,
      230,
      13,
      25,
      211,
      134,
      125,
      89,
      89,
      183,
      128,
      209,
      75,
      63,
      229,
      89,
      21,
      128,
      238,
      115,
      183
    ]
  },
  {
    "action": 7,
    "latent_code": [
      89,
      189,
      23,
      196,
      89,
      163,
      255,
      8,
      89,
      82,
      174,
      89,
      37,
      7,
      82,
      230,
      13,
      148,
      211,
      134,
      125,
      89,
      89,
      89,
      128,
      209,
      75,
      63,
      229,
      89,
      21,
      128,
      238,
      115,
      183
    ]
  },
  {
    "action": 4,
    "latent_code": [
      32,
      189,
      23,
      196,
      87,
      115,
      255,
      8,
      89,
      82,
      174,
      89,
      37,
      7,
      82,
      230,
      13,
      117,
      211,
      134,
      125,
      89,
      89,
      183,
      128,
      209,
      75,
      63,
      82,
      89,
      21,
      128,
      130,
      93,
      183
    ]
  },
  {
    "action": 1,
    "latent_code": [
      32,
      189,
      23,
      196,
      87,
      115,
      255,
      8,
      89,
      82,
      174,
      89,
      37,
      7,
      82,
      230,
      13,
      25,
      211,
      134,
      125,
      89,
      89,
      183,
      128,
      209,
      75,
      63,
      82,
      89,
      21,
      128,
      130,
      93,
      183
    ]
  },
  {
    "action": 7,
    "latent_code": [
      89,
      189,
      23,
      196,
      89,
      163,
      255,
      8,
      89,
      7,
      174,
      89,
      37,
      7,
      82,
      230,
      13,
      184,
      211,
      134,
      125,
      89,
      89,
      89,
      128,
      209,
      75,
      63,
      229,
      89,
      21,
      128,
      238,
      115,
      183
    ]
  },
  {
    "action": 4,
    "latent_code": [
      89,
      189,
      23,
      196,
      89,
      163,
      255,
      8,
      89,
      7,
      174,
      89,
      37,
      7,
      82,
      230,
      13,
      71,
      211,
      134,
      125,
      89,
      89,
      183,
      128,
      209,
      75,
      63,
      229,
      89,
      21,
      128,
      238,
      115,
      183
    ]
  },
  {
    "action": 4,
    "latent_code": [
      32,
      189,
      23,
      196,
      87,
      115,
      255,
      8,
      89,
      7,
      174,
      89,
      37,
      7,
      82,
      230,
      13,
      222,
      211,
      134,
      125,
      89,
      89,
      183,
      128,
      209,
      75,
      63,
      82,
      89,
      21,
      128,
      130,
      93,
      183
    ]
  },
  {
    "action": 3,
    "latent_code": [
      32,
      189,
      23,
      196,
      87,
      115,
      255,
      8,
      89,
      7,
      65,
      89,
      37,
      7,
      82,
      230,
      13,
      184,
      211,
      134,
      125,
      89,
      89,
      89,
      128,
      209,
      75,
      63,
      82,
      89,
      21,
      128,
      130,
      93,
      183
    ]
  },
  {
    "action": 1,
    "latent_code": [
      89,
      189,
      23,
      196,
      89,
      163,
      255,
      8,
      89,
      82,
      174,
      89,
      37,
      7,
      82,
      230,
      13,
      71,
      211,
      134,
      125,
      89,
      89,
      183,
      18,
      209,
      75,
      63,
      229,
      89,
      21,
      128,
      238,
      115,
      183
    ]
  },
  {
    "action": 8,
    "latent_code": [
      89,
      189,
      23,
      196,
      89,
      163,
      255,
      8,
      89,
      82,
      174,
      89,
      37,
      7,
      82,
      230,
      13,
      25,
      211,
      134,
      125,
      89,
      89,
      183,
      128,
      209,
      75,
      63,
      229,
      89,
      21,
      128,
      238,
      115,
      183
    ]
  },
  {
    "action": 7,
    "latent_code": [
      32,
      189,
      23,
      196,
      87,
      115,
      255,
      8,
      89,
      82,
      174,
      89,
      37,
      7,
      82,
      230,
      13,
      179,
      211,
      134,
      125,
      89,
      89,
      8,
      128,
      209,
      75,
      63,
      82,
      89,
      21,
      128,
      130,
      93,
      183
    ]
  },
  {
    "action": 5,
    "latent_code": [
      32,
      189,
      23,
      196,
      87,
      115,
      255,
      8,
      89,
      82,
      174,
      89,
      37,
      7,
      82,
      230,
      13,
      71,
      211,
      134,
      125,
      89,
      89,
      183,
      18,
      209,
      75,
      63,
      82,
      89,
      21,
      128,
      130,
      93,
      183
    ]
  },
  {
    "action": 3,
    "latent_code": [
      89,
      189,
      23,
      196,
      89,
      163,
      255,
      8,
      89,
      7,
      174,
      89,
      37,
      7,
      82,
      230,
      13,
      25,
      211,
      134,
      125,
      89,
      89,
      183,
      128,
      209,
      75,
      63,
      229,
      89,
      21,
      128,
      238,
      115,
      183
    ]
  },
  {
    "action": 7,
    "latent_code": [
      89,
      189,
      23,
      196,
      89,
      163,
      255,
      8,
      89,
      7,
      65,
      89,
      37,
      7,
      82,
      230,
      13,
      184,
      211,
      134,
      125,
      89,
      89,
      89,
      128,
      209,
      75,
      63,
      229,
      89,
      21,
      128,
      238,
      115,
      183
    ]
  },
  {
    "action": 4,
    "latent_code": [
      32,
      189,
      23,
      196,
      87,
      115,
      255,
      8,
      89,
      7,
      174,
      89,
      37,
      7,
      82,
      230,
      13,
      117,
      211,
      134,
      125,
      89,
      89,
      183,
      128,
      209,
      75,
      63,
      82,
      89,
      21,
      128,
      130,
      93,
      183
    ]
  },
  {
    "action": 3,
    "latent_code": [
      32,
      189,
      23,
      196,
      87,
      115,
      255,
      8,
      89,
      7,
      174,
      89,
      37,
      7,
      82,
      230,
      13,
      25,
      211,
      134,
      125,
      89,
      89,
      183,
      128,
      209,
      75,
      63,
      82,
      89,
      21,
      128,
      130,
      93,
      183
    ]
  },
  {
    "action": 4,
    "latent_code": [
      89,
      189,
      23,
      196,
      89,
      163,
      255,
      8,
      89,
      82,
      174,
      89,
      37,
      7,
      82,
      230,
      13,
      25,
      211,
      134,
      125,
      89,
      89,
      183,
      128,
      209,
      75,
      63,
      229,
      89,
      21,
      128,
      238,
      115,
      183
    ]
  },
  {
    "action": 2,
    "latent_code": [
      89,
      189,
      23,
      196,
      89,
      163,
      255,
      8,
      89,
      82,
      174,
      89,
      37,
      7,
      82,
      230,
      13,
      148,
      211,
      134,
      125,
      89,
      89,
      89,
      128,
      209,
      75,
      63,
      229,
      89,
      21,
      128,
      238,
      115,
      183
    ]
  },
  {
    "action": 0,
    "latent_code": [
      32,
      189,
      23,
      196,
      87,
      115,
      255,
      8,
      89,
      82,
      174,
      89,
      37,
      7,
      82,
      230,
      13,
      117,
      211,
      134,
      125,
      89,
      89,
      183,
      128,
      209,
      75,
      63,
      82,
      89,
      21,
      128,
      130,
      93,
      183
    ]
  },
  {
    "action": 4,
    "latent_code": [
      32,
      189,
      23,
      196,
      87,
      115,
      255,
      8,
      89,
      82,
      174,
      89,
      37,
      7,
      82,
      230,
      13,
      25,
      211,
      134,
      125,
      89,
      89,
      183,
      128,
      209,
      75,
      63,
      82,
      89,
      21,
      128,
      130,
      93,
      183
    ]
  },
  {
    "action": 7,
    "latent_code": [
      89,
      189,
      23,
      196,
      89,
      163,
      255,
      8,
      89,
      7,
      174,
      89,
      37,
      7,
      82,
      230,
      13,
      184,
      211,
      134,
      125,
      89,
      89,
      89,
      128,
      209,
      75,
      63,
      229,
      89,
      21,
      128,
      238,
      115,
      183
    ]
  },
  {
    "action": 0,
    "latent_code": [
      89,
      189,
      23,
      196,
      89,
      163,
      255,
      8,
      89,
      7,
      174,
      89,
      37,
      7,
      82,
      230,
      13,
      71,
      211,
      134,
      125,
      89,
      89,
      183,
      128,
      209,
      75,
      63,
      229,
      89,
      21,
      128,
      238,
      115,
      183
    ]
  },
  {
    "action": 7,
    "latent_code": [
      32,
      189,
      23,
      196,
      87,
      115,
      255,
      8,
      89,
      7,
      174,
      89,
      37,
      7,
      82,
      230,
      13,
      222,
      211,
      134,
      125,
      89,
      89,
      183,
      128,
      209,
      75,
      63,
      82,
      89,
      21,
      128,
      130,
      93,
      183
    ]
  },
  {
    "action": 7,
    "latent_code": [
      32,
      189,
      23,
      196,
      87,
      115,
      255,
      8,
      89,
      7,
      65,
      89,
      37,
      7,
      82,
      230,
      13,
      184,
      211,
      134,
      125,
      89,
      89,
      89,
      128,
      209,
      75,
      63,
      82,
      89,
      21,
      128,
      130,
      93,
      183
    ]
  },
  {
    "action": 2,
    "latent_code": [
      89,
      189,
      23,
      196,
      89,
      163,
      255,
      8,
      89,
      82,
      174,
      89,
      37,
      7,
      82,
      230,
      13,
      71,
      211,
      134,
      125,
      89,
      89,
      183,
      18,
      209,
      75,
      63,
      229,
      89,
      21,
      128,
      238,
      115,
      183
    ]
  },
  {
    "action": 5,
    "latent_code": [
      89,
      189,
      23,
      196,
      89,
      163,
      255,
      8,
      89,
      82,
      174,
      89,
      37,
      7,
      82,
      230,
      13,
      25,
      211,
      134,
      125,
      89,
      89,
      183,
      128,
      209,
      75,
      63,
      229,
      89,
      21,
      128,
      238,
      115,
      183
    ]
  },
  {
    "action": 1,
    "latent_code": [
      32,
      189,
      23,
      196,
      87,
      115,
      255,
      8,
      89,
      82,
      174,
      89,
      37,
      7,
      82,
      230,
      13,
      179,
      211,
      134,
      125,
      89,
      89,
      8,
      128,
      209,
      75,
      63,
      82,
      89,
      21,
      128,
      130,
      93,
      183
    ]
  },
  {
    "action": 6,
    "latent_code": [
      32,
      189,
      23,
      196,
      87,
      115,
      255,
      8,
      89,
      82,
      174,
      89,
      37,
      7,
      82,
      230,
      13,
      71,
      211,
      134,
      125,
      89,
      89,
      183,
      18,
      209,
      75,
      63,
      82,
      89,
      21,
      128,
      130,
      93,
      183
    ]
  },
  {
    "action": 6,
    "latent_code": [
      89,
      189,
      23,
      196,
      89,
      163,
      255,
      8,
      89,
      7,
      174,
      89,
      37,
      7,
      82,
      230,
      13,
      25,
      211,
      134,
      125,
      89,
      89,
      183,
      128,
      209,
      75,
      63,
      229,
      89,
      21,
      128,
      238,
      115,
      183
    ]
  },
  {
    "action": 3,
    "latent_code": [
      89,
      189,
      23,
      196,
      89,
      163,
      255,
      8,
      89,
      7,
      65,
      89,
      37,
      7,
      82,
      230,
      13,
      184,
      211,
      134,
      125,
      89,
      89,
      89,
      128,
      209,
      75,
      63,
      229,
      89,
      21,
      128,
      238,
      115,
      183
    ]
  },
  {
    "action": 0,
    "latent_code": [
      32,
      189,
      23,
      196,
      87,
      115,
      255,
      8,
      89,
      7,
      174,
      89,
      37,
      7,
      82,
      230,
      13,
      117,
      211,
      134,
      125,
      89,
      89,
      183,
      128,
      209,
      75,
      63,
      82,
      89,
      21,
      128,
      130,
      93,
      183
    ]
  },
  {
    "action": 8,
    "latent_code": [
      32,
      189,
      23,
      196,
      87,
      115,
      255,
      8,
      89,
      7,
      174,
      89,
      37,
      7,
      82,
      230,
      13,
      25,
      211,
      134,
      125,
      89,
      89,
      183,
      128,
      209,
      75,
      63,
      82,
      89,
      21,
      128,
      130,
      93,
      183
    ]
  },
  {
    "action": 4,
    "latent_code": [
      89,
      189,
      23,
      196,
      89,
      163,
      255,
      8,
      89,
      82,
      174,
      89,
      37,
      7,
      82,
      230,
      13,
      25,
      211,
      134,
      125,
      89,
      89,
      183,
      128,
      209,
      75,
      63,
      229,
      89,
      21,
      128,
      238,
      115,
      183
    ]
  },
  {
    "action": 8,
    "latent_code": [
      89,
      189,
      23,
      196,
      89,
      163,
      255,
      8,
      89,
      82,
      174,
      89,
      37,
      7,
      82,
      230,
      13,
      148,
      211,
      134,
      125,
      89,
      89,
      89,
      128,
      209,
      75,
      63,
      229,
      89,
      21,
      128,
      238,
      115,
      183
    ]
  },
  {
    "action": 6,
    "latent_code": [
      32,
      189,
      23,
      196,
      87,
      115,
      255,
      8,
      89,
      82,
      174,
      89,
      37,
      7,
      82,
      230,
      13,
      117,
      211,
      134,
      125,
      89,
      89,
      183,
      128,
      209,
      75,
      63,
      82,
      89,
      21,
      128,
      130,
      93,
      183
    ]
  },
  {
    "action": 7,
    "latent_code": [
      32,
      189,
      23,
      196,
      87,
      115,
      255,
      8,
      89,
      82,
      174,
      89,
      37,
      7,
      82,
      230,
      13,
      25,
      211,
      134,
      125,
      89,
      89,
      183,
      128,
      209,
      75,
      63,
      82,
      89,
      21,
      128,
      130,
      93,
      183
    ]
  },
  {
    "action": 6,
    "latent_code": [
      89,
      189,
      23,
      196,
      89,
      163,
      255,
      8,
      89,
      7,
      174,
      89,
      37,
      7,
      82,
      230,
      13,
      184,
      211,
      134,
      125,
      89,
      89,
      89,
      128,
      209,
      75,
      63,
      229,
      89,
      21,
      128,
      238,
      115,
      183
    ]
  },
  {
    "action": 1,
    "latent_code": [
      89,
      189,
      23,
      196,
      89,
      163,
      255,
      8,
      89,
      7,
      174,
      89,
      37,
      7,
      82,
      230,
      13,
      71,
      211,
      134,
      125,
      89,
      89,
      183,
      128,
      209,
      75,
      63,
      229,
      89,
      21,
      128,
      238,
      115,
      183
    ]
  },
  {
    "action": 3,
    "latent_code": [
      32,
      189,
      23,
      196,
      87,
      115,
      255,
      8,
      89,
      7,
      174,
      89,
      37,
      7,
      82,
      230,
      13,
      222,
      211,
      134,
      125,
      89,
      89,
      183,
      128,
      209,
      75,
      63,
      82,
      89,
      21,
      128,
      130,
      93,
      183
    ]
  },
  {
    "action": 4,
    "latent_code": [
      32,
      189,
      23,
      196,
      87,
      115,
      255,
      8,
      89,
      7,
      65,
      89,
      37,
      7,
      82,
      230,
      13,
      184,
      211,
      134,
      125,
      89,
      89,
      89,
      128,
      209,
      75,
      63,
      82,
      89,
      21,
      128,
      130,
      93,
      183
    ]
  },
  {
    "action": 4,
    "latent_code": [
      89,
      189,
      23,
      196,
      89,
      163,
      255,
      8,
      89,
      82,
      174,
      89,
      37,
      7,
      82,
      230,
      13,
      71,
      211,
      134,
      125,
      89,
      89,
      183,
      18,
      209,
      75,
      63,
      229,
      89,
      21,
      128,
      238,
      115,
      183
    ]
  },
  {
    "action": 0,
    "latent_code": [
      89,
      189,
      23,
      196,
      89,
      163,
      255,
      8,
      89,
      82,
      174,
      89,
      37,
      7,
      82,
      230,
      13,
      25,
      211,
      134,
      125,
      89,
      89,
      183,
      128,
      209,
      75,
      63,
      229,
      89,
      21,
      128,
      238,
      115,
      183
    ]
  },
  {
    "action": 4,
    "latent_code": [
      32,
      189,
      23,
      196,
      87,
      115,
      255,
      8,
      89,
      82,
      174,
      89,
      37,
      7,
      82,
      230,
      13,
      179,
      211,
      134,
      125,
      89,
      89,
      8,
      128,
      209,
      75,
      63,
      82,
      89,
      21,
      128,
      130,
      93,
      183
    ]
  },
  {
    "action": 1,
    "latent_code": [
      32,
      189,
      23,
      196,
      87,
      115,
      255,
      8,
      89,
      82,
      174,
      89,
      37,
      7,
      82,
      230,
      13,
      71,
      211,
      134,
      125,
      89,
      89,
      183,
      18,
      209,
      75,
      63,
      82,
      89,
      21,
      128,
      130,
      93,
      183
    ]
  },
  {
    "action": 6,
    "latent_code": [
      89,
      189,
      23,
      196,
      89,
      163,
      255,
      8,
      89,
      7,
      174,
      89,
      37,
      7,
      82,
      230,
      13,
      25,
      211,
      134,
      125,
      89,
      89,
      183,
      128,
      209,
      75,
      63,
      229,
      89,
      21,
      128,
      238,
      115,
      183
    ]
  },
  {
    "action": 6,
    "latent_code": [
      89,
      189,
      23,
      196,
      89,
      163,
      255,
      8,
      89,
      7,
      65,
      89,
      37,
      7,
      82,
      230,
      13,
      184,
      211,
      134,
      125,
      89,
      89,
      89,
      128,
      209,
      75,
      63,
      229,
      89,
      21,
      128,
      238,
      115,
      183
    ]
  },
  {
    "action": 8,
    "latent_code": [
      32,
      189,
      23,
      196,
      87,
      115,
      255,
      8,
      89,
      7,
      174,
      89,
      37,
      7,
      82,
      230,
      13,
      117,
      211,
      134,
      125,
      89,
      89,
      183,
      128,
      209,
      75,
      63,
      82,
      89,
      21,
      128,
      130,
      93,
      183
    ]
  },
  {
    "action": 6,
    "latent_code": [
      32,
      189,
      23,
      196,
      87,
      115,
      255,
      8,
      89,
      7,
      174,
      89,
      37,
      7,
      82,
      230,
      13,
      25,
      211,
      134,
      125,
      89,
      89,
      183,
      128,
      209,
      75,
      63,
      82,
      89,
      21,
      128,
      130,
      93,
      183
    ]
  },
  {
    "action": 3,
    "latent_code": [
      89,
      189,
      23,
      196,
      89,
      163,
      255,
      8,
      89,
      82,
      174,
      89,
      37,
      7,
      82,
      230,
      13,
      25,
      211,
      134,
      125,
      89,
      89,
      183,
      128,
      209,
      75,
      63,
      229,
      89,
      21,
      128,
      238,
      115,
      183
    ]
  },
  {
    "action": 8,
    "latent_code": [
      89,
      189,
      23,
      196,
      89,
      163,
      255,
      8,
      89,
      82,
      174,
      89,
      37,
      7,
      82,
      230,
      13,
      148,
      211,
      134,
      125,
      89,
      89,
      89,
      128,
      209,
      75,
      63,
      229,
      89,
      21,
      128,
      238,
      115,
      183
    ]
  },
  {
    "action": 3,
    "latent_code": [
      32,
      189,
      23,
      196,
      87,
      115,
      255,
      8,
      89,
      82,
      174,
      89,
      37,
      7,
      82,
      230,
      13,
      117,
      211,
      134,
      125,
      89,
      89,
      183,
      128,
      209,
      75,
      63,
      82,
      89,
      21,
      128,
      130,
      93,
      183
    ]
  },
  {
    "action": 2,
    "latent_code": [
      32,
      189,
      23,
      196,
      87,
      115,
      255,
      8,
      89,
      82,
      174,
      89,
      37,
      7,
      82,
      230,
      13,
      25,
      211,
      134,
      125,
      89,
      89,
      183,
      128,
      209,
      75,
      63,
      82,
      89,
      21,
      128,
      130,
      93,
      183
    ]
  },
  {
    "action": 8,
    "latent_code": [
      89,
      189,
      23,
      196,
      89,
      163,
      255,
      8,
      7,
      163,
      137,
      89,
      37,
      7,
      82,
      139,
      25,
      133,
      211,
      134,
      125,
      89,
      82,
      8,
      131,
      209,
      75,
      63,
      229,
      89,
      21,
      128,
      238,
      115,
      183
    ]
  },
  {
    "action": 3,
    "latent_code": [
      89,
      189,
      23,
      196,
      89,
      163,
      255,
      8,
      89,
      89,
      65,
      89,
      37,
      7,
      82,
      139,
      204,
      111,
      211,
      30,
      125,
      89,
      203,
      4,
      18,
      209,
      75,
      187,
      229,
      89,
      21,
      128,
      238,
      115,
      183
    ]
  },
  {
    "action": 0,
    "latent_code": [
      32,
      189,
      23,
      196,
      87,
      115,
      255,
      8,
      134,
      44,
      174,
      89,
      37,
      7,
      82,
      100,
      19,
      231,
      33,
      30,
      125,
      89,
      203,
      183,
      131,
      209,
      75,
      187,
      82,
      89,
      21,
      128,
      130,
      93,
      183
    ]
  },
  {
    "action": 4,
    "latent_code": [
      32,
      189,
      23,
      196,
      87,
      115,
      255,
      8,
      157,
      163,
      174,
      188,
      37,
      7,
      82,
      100,
      79,
      91,
      33,
      30,
      125,
      89,
      203,
      184,
      131,
      209,
      75,
      187,
      82,
      89,
      21,
      128,
      130,
      93,
      183
    ]
  },
  {
    "action": 7,
    "latent_code": [
      89,
      189,
      23,
      196,
      89,
      163,
      255,
      8,
      157,
      163,
      81,
      188,
      37,
      7,
      82,
      27,
      229,
      244,
      216,
      30,
      125,
      89,
      203,
      4,
      131,
      209,
      75,
      187,
      229,
      89,
      21,
      128,
      238,
      115,
      183
    ]
  },
  {
    "action": 1,
    "latent_code": [
      89,
      189,
      23,
      196,
      89,
      163,
      255,
      8,
      89,
      82,
      174,
      188,
      37,
      7,
      82,
      158,
      234,
      133,
      173,
      30,
      125,
      89,
      89,
      183,
      131,
      209,
      75,
      187,
      229,
      89,
      21,
      128,
      238,
      115,
      183
    ]
  },
  {
    "action": 4,
    "latent_code": [
      32,
      189,
      23,
      196,
      87,
      115,
      255,
      8,
      89,
      203,
      65,
      188,
      37,
      7,
      82,
      150,
      195,
      222,
      209,
      30,
      125,
      89,
      89,
      89,
      18,
      209,
      75,
      187,
      82,
      89,
      21,
      128,
      130,
      93,
      183
    ]
  },
  {
    "action": 1,
    "latent_code": [
      32,
      189,
      23,
      196,
      87,
      115,
      255,
      8,
      89,
      89,
      65,
      89,
      37,
      7,
      82,
      223,
      45,
      56,
      209,
      30,
      125,
      89,
      89,
      89,
      131,
      209,
      75,
      187,
      82,
      89,
      21,
      128,
      130,
      93,
      183
    ]
  },
  {
    "action": 6,
    "latent_code": [
      89,
      189,
      23,
      196,
      89,
      163,
      255,
      8,
      89,
      89,
      65,
      89,
      37,
      7,
      82,
      82,
      181,
      124,
      209,
      30,
      125,
      89,
      89,
      89,
      131,
      209,
      75,
      187,
      229,
      89,
      21,
      128,
      238,
      115,
      183
    ]
  },
  {
    "action": 4,
    "latent_code": [
      89,
      189,
      23,
      196,
      89,
      163,
      255,
      8,
      89,
      89,
      65,
      188,
      37,
      7,
      82,
      89,
      179,
      231,
      211,
      30,
      125,
      89,
      89,
      89,
      18,
      209,
      75,
      187,
      229,
      89,
      21,
      128,
      238,
      115,
      183
    ]
  },
  {
    "action": 2,
    "latent_code": [
      32,
      189,
      23,
      196,
      87,
      115,
      255,
      8,
      89,
      89,
      65,
      89,
      37,
      7,
      82,
      230,
      89,
      222,
      209,
      30,
      125,
      89,
      203,
      89,
      18,
      209,
      75,
      187,
      82,
      89,
      21,
      128,
      130,
      93,
      183
    ]
  },
  {
    "action": 2,
    "latent_code": [
      32,
      189,
      23,
      196,
      87,
      115,
      255,
      8,
      89,
      89,
      65,
      89,
      37,
      7,
      82,
      230,
      130,
      56,
      209,
      30,
      125,
      89,
      203,
      89,
      131,
      209,
      75,
      187,
      82,
      89,
      21,
      128,
      130,
      93,
      183
    ]
  },
  {
    "action": 5,
    "latent_code": [
      89,
      203,
      23,
      196,
      89,
      163,
      255,
      8,
      0,
      53,
      65,
      89,
      37,
      7,
      82,
      8,
      183,
      156,
      209,
      30,
      14,
      89,
      89,
      89,
      18,
      183,
      89,
      91,
      229,
      89,
      21,
      128,
      238,
      115,
      183
    ]
  },
  {
    "action": 6,
    "latent_code": [
      89,
      203,
      23,
      196,
      89,
      163,
      255,
      8,
      139,
      122,
      174,
      89,
      37,
      7,
      82,
      203,
      183,
      181,
      211,
      30,
      14,
      89,
      89,
      89,
      131,
      4,
      89,
      91,
      229,
      89,
      21,
      128,
      238,
      115,
      183
    ]
  },
  {
    "action": 8,
    "latent_code": [
      32,
      112,
      23,
      196,
      87,
      115,
      255,
      8,
      100,
      130,
      65,
      188,
      37,
      7,
      82,
      223,
      32,
      154,
      209,
      30,
      14,
      89,
      82,
      89,
      128,
      8,
      89,
      91,
      82,
      89,
      21,
      128,
      130,
      93,
      183
    ]
  },
  {
    "action": 3,
    "latent_code": [
      32,
      217,
      23,
      196,
      87,
      115,
      255,
      8,
      100,
      203,
      65,
      89,
      37,
      7,
      82,
      89,
      100,
      124,
      211,
      30,
      14,
      89,
      89,
      89,
      93,
      188,
      89,
      91,
      82,
      89,
      21,
      128,
      130,
      93,
      183
    ]
  },
  {
    "action": 1,
    "latent_code": [
      89,
      157,
      23,
      196,
      89,
      163,
      255,
      8,
      143,
      183,
      65,
      188,
      37,
      7,
      82,
      89,
      100,
      231,
      211,
      30,
      14,
      89,
      89,
      89,
      93,
      188,
      89,
      91,
      229,
      89,
      21,
      128,
      238,
      115,
      183
    ]
  },
  {
    "action": 7,
    "latent_code": [
      89,
      217,
      23,
      196,
      89,
      163,
      255,
      8,
      191,
      183,
      65,
      188,
      37,
      7,
      82,
      89,
      139,
      179,
      211,
      30,
      14,
      89,
      89,
      89,
      93,
      188,
      89,
      91,
      229,
      89,
      21,
      128,
      238,
      115,
      183
    ]
  },
  {
    "action": 5,
    "latent_code": [
      32,
      189,
      23,
      196,
      87,
      115,
      255,
      8,
      112,
      89,
      65,
      89,
      37,
      7,
      82,
      100,
      147,
      181,
      209,
      30,
      14,
      89,
      203,
      203,
      128,
      188,
      89,
      91,
      82,
      89,
      21,
      128,
      130,
      93,
      183
    ]
  },
  {
    "action": 6,
    "latent_code": [
      32,
      189,
      23,
      196,
      87,
      115,
      255,
      8,
      27,
      82,
      65,
      89,
      37,
      7,
      82,
      100,
      186,
      124,
      211,
      30,
      14,
      89,
      89,
      7,
      93,
      188,
      89,
      91,
      82,
      89,
      21,
      128,
      130,
      93,
      183
    ]
  },
  {
    "action": 0,
    "latent_code": [
      89,
      189,
      23,
      196,
      89,
      163,
      255,
      8,
      217,
      175,
      65,
      188,
      37,
      7,
      82,
      100,
      19,
      231,
      211,
      30,
      14,
      89,
      89,
      44,
      183,
      188,
      89,
      91,
      229,
      89,
      21,
      128,
      238,
      115,
      183
    ]
  },
  {
    "action": 2,
    "latent_code": [
      89,
      189,
      23,
      196,
      89,
      163,
      255,
      8,
      157,
      82,
      65,
      188,
      37,
      7,
      82,
      166,
      79,
      111,
      173,
      30,
      14,
      89,
      82,
      184,
      93,
      183,
      89,
      91,
      229,
      89,
      21,
      128,
      238,
      115,
      183
    ]
  },
  {
    "action": 6,
    "latent_code": [
      32,
      198,
      23,
      196,
      87,
      115,
      255,
      175,
      120,
      175,
      65,
      82,
      37,
      7,
      82,
      11,
      229,
      208,
      211,
      30,
      14,
      89,
      175,
      148,
      93,
      183,
      89,
      91,
      82,
      89,
      21,
      128,
      130,
      93,
      183
    ]
  },
  {
    "action": 7,
    "latent_code": [
      32,
      60,
      23,
      196,
      87,
      115,
      255,
      175,
      220,
      82,
      65,
      188,
      37,
      7,
      82,
      191,
      19,
      179,
      211,
      30,
      14,
      89,
      89,
      183,
      93,
      188,
      89,
      91,
      82,
      89,
      21,
      128,
      130,
      93,
      183
    ]
  },
  {
    "action": 3,
    "latent_code": [
      70,
      60,
      23,
      196,
      89,
      163,
      255,
      193,
      112,
      89,
      75,
      188,
      37,
      7,
      82,
      191,
      79,
      231,
      211,
      30,
      14,
      89,
      203,
      255,
      8,
      188,
      89,
      91,
      229,
      89,
      21,
      128,
      238,
      115,
      183
    ]
  },
  {
    "action": 7,
    "latent_code": [
      70,
      60,
      23,
      196,
      89,
      163,
      255,
      193,
      103,
      85,
      65,
      188,
      37,
      7,
      82,
      182,
      79,
      179,
      211,
      30,
      14,
      89,
      89,
      4,
      93,
      188,
      89,
      91,
      229,
      89,
      21,
      128,
      238,
      115,
      183
    ]
  },
  {
    "action": 7,
    "latent_code": [
      32,
      94,
      23,
      196,
      87,
      115,
      255,
      193,
      243,
      188,
      65,
      188,
      37,
      7,
      82,
      86,
      229,
      181,
      209,
      30,
      14,
      89,
      203,
      183,
      128,
      188,
      89,
      91,
      82,
      89,
      21,
      128,
      130,
      93,
      183
    ]
  },
  {
    "action": 3,
    "latent_code": [
      32,
      195,
      23,
      196,
      87,
      115,
      255,
      54,
      243,
      82,
      65,
      188,
      37,
      7,
      82,
      86,
      82,
      124,
      211,
      30,
      14,
      89,
      89,
      89,
      93,
      188,
      89,
      91,
      82,
      89,
      21,
      128,
      130,
      93,
      183
    ]
  },
  {
    "action": 8,
    "latent_code": [
      82,
      195,
      23,
      196,
      89,
      163,
      255,
      82,
      19,
      175,
      75,
      188,
      37,
      7,
      82,
      86,
      82,
      231,
      211,
      30,
      14,
      89,
      89,
      89,
      93,
      188,
      89,
      91,
      229,
      89,
      21,
      128,
      238,
      115,
      183
    ]
  },
  {
    "action": 2,
    "latent_code": [
      203,
      45,
      23,
      196,
      89,
      163,
      255,
      89,
      4,
      89,
      174,
      188,
      37,
      7,
      82,
      223,
      208,
      179,
      211,
      30,
      14,
      89,
      89,
      89,
      93,
      188,
      89,
      91,
      229,
      89,
      21,
      128,
      238,
      115,
      183
    ]
  },
  {
    "action": 2,
    "latent_code": [
      32,
      181,
      23,
      196,
      87,
      115,
      255,
      8,
      183,
      89,
      65,
      89,
      37,
      7,
      82,
      7,
      181,
      181,
      209,
      30,
      14,
      89,
      89,
      89,
      128,
      188,
      89,
      91,
      82,
      89,
      21,
      128,
      130,
      93,
      183
    ]
  },
  {
    "action": 6,
    "latent_code": [
      32,
      222,
      23,
      196,
      87,
      115,
      255,
      203,
      186,
      122,
      65,
      188,
      37,
      7,
      82,
      89,
      32,
      124,
      211,
      30,
      14,
      89,
      89,
      89,
      93,
      188,
      89,
      91,
      82,
      89,
      21,
      128,
      130,
      93,
      183
    ]
  },
  {
    "action": 5,
    "latent_code": [
      82,
      49,
      23,
      196,
      89,
      163,
      255,
      203,
      186,
      53,
      65,
      89,
      37,
      7,
      82,
      89,
      127,
      56,
      211,
      30,
      14,
      89,
      89,
      89,
      93,
      188,
      89,
      91,
      229,
      89,
      21,
      128,
      238,
      115,
      183
    ]
  },
  {
    "action": 1,
    "latent_code": [
      31,
      208,
      23,
      196,
      89,
      163,
      255,
      203,
      0,
      53,
      65,
      89,
      37,
      7,
      82,
      114,
      100,
      152,
      211,
      30,
      14,
      89,
      89,
      183,
      128,
      209,
      89,
      91,
      229,
      89,
      21,
      128,
      238,
      115,
      183
    ]
  },
  {
    "action": 7,
    "latent_code": [
      100,
      231,
      23,
      196,
      87,
      115,
      255,
      8,
      139,
      164,
      174,
      89,
      37,
      7,
      82,
      158,
      100,
      195,
      211,
      30,
      14,
      89,
      89,
      89,
      243,
      4,
      89,
      91,
      82,
      89,
      21,
      128,
      130,
      93,
      183
    ]
  },
  {
    "action": 1,
    "latent_code": [
      100,
      112,
      23,
      196,
      87,
      115,
      255,
      203,
      139,
      89,
      65,
      89,
      37,
      7,
      82,
      203,
      139,
      229,
      211,
      30,
      14,
      89,
      89,
      89,
      185,
      183,
      89,
      91,
      82,
      89,
      21,
      128,
      130,
      93,
      183
    ]
  },
  {
    "action": 7,
    "latent_code": [
      139,
      112,
      23,
      196,
      89,
      163,
      255,
      8,
      100,
      7,
      65,
      89,
      37,
      7,
      82,
      203,
      139,
      145,
      211,
      30,
      126,
      89,
      89,
      255,
      103,
      89,
      89,
      183,
      229,
      89,
      21,
      128,
      238,
      115,
      183
    ]
  },
  {
    "action": 0,
    "latent_code": [
      127,
      71,
      23,
      196,
      89,
      163,
      255,
      146,
      100,
      129,
      174,
      89,
      37,
      7,
      82,
      89,
      147,
      65,
      211,
      30,
      126,
      89,
      89,
      146,
      80,
      173,
      89,
      183,
      229,
      89,
      21,
      18,
      238,
      115,
      183
    ]
  },
  {
    "action": 7,
    "latent_code": [
      111,
      217,
      23,
      196,
      87,
      115,
      255,
      8,
      166,
      175,
      174,
      89,
      37,
      7,
      82,
      89,
      186,
      75,
      211,
      30,
      126,
      89,
      89,
      8,
      120,
      183,
      89,
      183,
      82,
      89,
      21,
      18,
      130,
      93,
      183
    ]
  },
  {
    "action": 7,
    "latent_code": [
      111,
      157,
      23,
      196,
      87,
      115,
      255,
      8,
      143,
      255,
      174,
      89,
      37,
      7,
      82,
      89,
      19,
      81,
      209,
      30,
      126,
      89,
      89,
      7,
      220,
      33,
      89,
      241,
      82,
      89,
      21,
      128,
      130,
      93,
      183
    ]
  },
  {
    "action": 7,
    "latent_code": [
      133,
      217,
      23,
      196,
      89,
      163,
      255,
      89,
      191,
      175,
      65,
      89,
      37,
      7,
      82,
      114,
      204,
      81,
      209,
      30,
      126,
      89,
      89,
      184,
      113,
      33,
      89,
      241,
      229,
      89,
      21,
      93,
      238,
      115,
      183
    ]
  },
  {
    "action": 5,
    "latent_code": [
      117,
      215,
      23,
      196,
      89,
      163,
      255,
      197,
      11,
      255,
      65,
      89,
      37,
      7,
      82,
      134,
      79,
      39,
      209,
      30,
      126,
      89,
      82,
      7,
      183,
      216,
      89,
      241,
      229,
      89,
      21,
      18,
      238,
      115,
      183
    ]
  },
  {
    "action": 4,
    "latent_code": [
      222,
      1,
      23,
      196,
      87,
      115,
      255,
      131,
      143,
      255,
      65,
      89,
      37,
      7,
      82,
      134,
      229,
      12,
      211,
      30,
      126,
      89,
      82,
      148,
      206,
      33,
      89,
      241,
      82,
      89,
      21,
      128,
      130,
      93,
      183
    ]
  },
  {
    "action": 6,
    "latent_code": [
      88,
      1,
      23,
      196,
      87,
      115,
      255,
      128,
      206,
      8,
      174,
      89,
      37,
      7,
      82,
      27,
      79,
      30,
      209,
      30,
      126,
      89,
      89,
      175,
      220,
      200,
      89,
      241,
      82,
      89,
      21,
      128,
      130,
      93,
      183
    ]
  },
  {
    "action": 2,
    "latent_code": [
      45,
      1,
      23,
      196,
      89,
      163,
      255,
      82,
      3,
      8,
      174,
      89,
      37,
      7,
      82,
      27,
      79,
      81,
      211,
      30,
      126,
      89,
      89,
      4,
      113,
      33,
      89,
      241,
      229,
      89,
      21,
      93,
      238,
      115,
      183
    ]
  },
  {
    "action": 7,
    "latent_code": [
      45,
      215,
      23,
      196,
      89,
      163,
      255,
      103,
      80,
      8,
      174,
      89,
      37,
      7,
      82,
      27,
      229,
      81,
      211,
      30,
      126,
      89,
      203,
      4,
      111,
      8,
      89,
      241,
      229,
      89,
      21,
      128,
      238,
      115,
      183
    ]
  },
  {
    "action": 5,
    "latent_code": [
      88,
      145,
      23,
      196,
      87,
      115,
      255,
      185,
      120,
      89,
      65,
      89,
      37,
      7,
      82,
      223,
      181,
      105,
      211,
      37,
      126,
      89,
      89,
      89,
      49,
      211,
      89,
      18,
      82,
      89,
      21,
      131,
      8,
      93,
      183
    ]
  },
  {
    "action": 4,
    "latent_code": [
      32,
      198,
      23,
      196,
      87,
      115,
      255,
      201,
      220,
      8,
      174,
      89,
      37,
      7,
      82,
      89,
      154,
      89,
      211,
      37,
      126,
      89,
      89,
      89,
      179,
      173,
      89,
      18,
      82,
      89,
      21,
      172,
      130,
      93,
      183
    ]
  },
  {
    "action": 4,
    "latent_code": [
      198,
      60,
      23,
      196,
      89,
      163,
      255,
      41,
      220,
      89,
      174,
      89,
      37,
      7,
      82,
      89,
      117,
      30,
      209,
      37,
      126,
      89,
      89,
      223,
      226,
      211,
      89,
      18,
      229,
      89,
      21,
      131,
      238,
      115,
      183
    ]
  },
  {
    "action": 5,
    "latent_code": [
      198,
      60,
      23,
      196,
      89,
      163,
      255,
      120,
      87,
      89,
      174,
      89,
      37,
      7,
      82,
      89,
      231,
      89,
      211,
      37,
      126,
      89,
      89,
      89,
      101,
      209,
      89,
      18,
      229,
      89,
      21,
      131,
      238,
      115,
      183
    ]
  },
  {
    "action": 0,
    "latent_code": [
      32,
      60,
      23,
      196,
      87,
      115,
      255,
      220,
      206,
      89,
      65,
      89,
      37,
      7,
      82,
      223,
      111,
      134,
      211,
      37,
      14,
      89,
      89,
      89,
      139,
      209,
      89,
      18,
      82,
      89,
      21,
      172,
      130,
      93,
      183
    ]
  },
  {
    "action": 1,
    "latent_code": [
      32,
      60,
      23,
      196,
      87,
      115,
      255,
      165,
      243,
      89,
      65,
      89,
      37,
      7,
      82,
      190,
      32,
      7,
      209,
      37,
      14,
      89,
      82,
      158,
      0,
      209,
      89,
      18,
      82,
      89,
      21,
      131,
      183,
      93,
      183
    ]
  },
  {
    "action": 2,
    "latent_code": [
      183,
      129,
      23,
      196,
      89,
      163,
      255,
      193,
      243,
      89,
      174,
      89,
      37,
      7,
      82,
      190,
      127,
      89,
      211,
      37,
      14,
      89,
      175,
      118,
      78,
      246,
      37,
      18,
      229,
      89,
      21,
      172,
      238,
      115,
      183
    ]
  },
  {
    "action": 1,
    "latent_code": [
      207,
      234,
      23,
      196,
      89,
      163,
      255,
      54,
      206,
      82,
      65,
      89,
      37,
      7,
      82,
      190,
      100,
      30,
      211,
      37,
      14,
      89,
      82,
      223,
      226,
      84,
      37,
      18,
      229,
      89,
      21,
      172,
      238,
      115,
      183
    ]
  },
  {
    "action": 3,
    "latent_code": [
      32,
      195,
      23,
      196,
      87,
      115,
      255,
      7,
      206,
      255,
      65,
      89,
      37,
      7,
      82,
      147,
      139,
      130,
      211,
      37,
      14,
      89,
      175,
      148,
      49,
      246,
      89,
      18,
      82,
      89,
      21,
      172,
      8,
      93,
      183
    ]
  },
  {
    "action": 6,
    "latent_code": [
      32,
      45,
      23,
      196,
      87,
      115,
      255,
      203,
      175,
      89,
      65,
      89,
      37,
      7,
      82,
      186,
      147,
      37,
      209,
      37,
      14,
      89,
      175,
      148,
      111,
      246,
      89,
      18,
      82,
      89,
      21,
      172,
      130,
      93,
      183
    ]
  },
  {
    "action": 5,
    "latent_code": [
      70,
      94,
      23,
      196,
      89,
      163,
      255,
      54,
      165,
      82,
      174,
      89,
      37,
      7,
      82,
      204,
      186,
      81,
      211,
      37,
      14,
      89,
      175,
      8,
      244,
      246,
      37,
      18,
      229,
      89,
      21,
      172,
      238,
      115,
      183
    ]
  },
  {
    "action": 4,
    "latent_code": [
      70,
      163,
      23,
      196,
      89,
      163,
      255,
      82,
      244,
      175,
      174,
      89,
      37,
      7,
      82,
      19,
      19,
      89,
      211,
      37,
      14,
      89,
      82,
      184,
      133,
      176,
      37,
      18,
      229,
      89,
      21,
      172,
      238,
      115,
      183
    ]
  },
  {
    "action": 7,
    "latent_code": [
      32,
      163,
      23,
      196,
      87,
      115,
      255,
      255,
      208,
      82,
      174,
      89,
      37,
      7,
      89,
      6,
      79,
      37,
      211,
      37,
      14,
      89,
      193,
      184,
      101,
      246,
      37,
      18,
      82,
      89,
      21,
      172,
      146,
      93,
      183
    ]
  },
  {
    "action": 5,
    "latent_code": [
      32,
      163,
      23,
      196,
      87,
      115,
      255,
      31,
      49,
      89,
      174,
      89,
      37,
      7,
      203,
      140,
      229,
      130,
      211,
      37,
      14,
      89,
      193,
      148,
      101,
      246,
      89,
      18,
      82,
      89,
      21,
      172,
      130,
      93,
      183
    ]
  },
  {
    "action": 0,
    "latent_code": [
      134,
      203,
      23,
      196,
      89,
      163,
      255,
      89,
      117,
      89,
      174,
      89,
      37,
      7,
      203,
      134,
      42,
      203,
      211,
      37,
      14,
      89,
      89,
      82,
      89,
      246,
      37,
      18,
      229,
      89,
      21,
      172,
      238,
      115,
      183
    ]
  },
  {
    "action": 6,
    "latent_code": [
      134,
      203,
      23,
      196,
      89,
      163,
      255,
      31,
      222,
      82,
      65,
      89,
      37,
      7,
      203,
      223,
      45,
      89,
      211,
      37,
      14,
      89,
      89,
      89,
      0,
      25,
      37,
      18,
      229,
      89,
      21,
      172,
      238,
      115,
      183
    ]
  },
  {
    "action": 5,
    "latent_code": [
      32,
      89,
      23,
      196,
      87,
      115,
      255,
      31,
      181,
      89,
      174,
      89,
      37,
      7,
      8,
      183,
      181,
      112,
      211,
      37,
      14,
      89,
      89,
      89,
      9,
      25,
      37,
      18,
      82,
      89,
      21,
      172,
      146,
      128,
      183
    ]
  },
  {
    "action": 5,
    "latent_code": [
      32,
      89,
      23,
      196,
      87,
      115,
      255,
      7,
      45,
      89,
      174,
      89,
      37,
      7,
      82,
      4,
      124,
      203,
      211,
      37,
      125,
      89,
      89,
      89,
      190,
      246,
      89,
      197,
      82,
      89,
      21,
      172,
      130,
      93,
      183
    ]
  },
  {
    "action": 5,
    "latent_code": [
      203,
      203,
      23,
      196,
      89,
      163,
      255,
      207,
      195,
      89,
      174,
      89,
      37,
      7,
      175,
      230,
      130,
      7,
      211,
      37,
      125,
      89,
      89,
      89,
      9,
      124,
      37,
      197,
      229,
      89,
      21,
      172,
      238,
      115,
      183
    ]
  },
  {
    "action": 4,
    "latent_code": [
      89,
      203,
      23,
      196,
      89,
      163,
      255,
      169,
      234,
      89,
      174,
      89,
      37,
      7,
      54,
      31,
      148,
      7,
      211,
      37,
      125,
      89,
      89,
      89,
      136,
      117,
      37,
      197,
      229,
      89,
      21,
      172,
      238,
      115,
      183
    ]
  },
  {
    "action": 0,
    "latent_code": [
      32,
      189,
      23,
      196,
      87,
      115,
      255,
      72,
      234,
      7,
      174,
      89,
      37,
      7,
      82,
      243,
      184,
      89,
      211,
      37,
      14,
      89,
      255,
      89,
      102,
      101,
      2,
      89,
      82,
      89,
      21,
      172,
      130,
      18,
      183
    ]
  },
  {
    "action": 5,
    "latent_code": [
      244,
      71,
      23,
      196,
      87,
      115,
      255,
      70,
      112,
      203,
      65,
      89,
      37,
      7,
      255,
      185,
      73,
      89,
      211,
      37,
      14,
      89,
      82,
      89,
      118,
      246,
      37,
      89,
      82,
      89,
      21,
      172,
      130,
      93,
      183
    ]
  },
  {
    "action": 7,
    "latent_code": [
      244,
      213,
      23,
      196,
      89,
      163,
      255,
      89,
      89,
      89,
      174,
      89,
      37,
      7,
      82,
      255,
      175,
      82,
      211,
      37,
      14,
      89,
      0,
      122,
      118,
      246,
      30,
      89,
      229,
      4,
      21,
      172,
      238,
      115,
      183
    ]
  },
  {
    "action": 2,
    "latent_code": [
      178,
      200,
      23,
      196,
      89,
      163,
      255,
      150,
      215,
      89,
      174,
      89,
      37,
      7,
      164,
      243,
      89,
      89,
      211,
      37,
      14,
      89,
      89,
      89,
      118,
      246,
      37,
      89,
      229,
      89,
      21,
      172,
      238,
      115,
      183
    ]
  },
  {
    "action": 5,
    "latent_code": [
      208,
      173,
      23,
      196,
      87,
      115,
      255,
      93,
      112,
      148,
      65,
      89,
      37,
      7,
      82,
      100,
      184,
      89,
      209,
      37,
      14,
      89,
      175,
      8,
      118,
      101,
      75,
      89,
      82,
      89,
      21,
      172,
      130,
      131,
      183
    ]
  },
  {
    "action": 0,
    "latent_code": [
      208,
      106,
      23,
      196,
      87,
      115,
      255,
      128,
      89,
      89,
      174,
      89,
      37,
      7,
      82,
      255,
      255,
      89,
      211,
      37,
      14,
      89,
      204,
      115,
      118,
      246,
      37,
      89,
      82,
      4,
      21,
      172,
      130,
      93,
      183
    ]
  },
  {
    "action": 3,
    "latent_code": [
      117,
      197,
      23,
      196,
      89,
      163,
      255,
      197,
      89,
      89,
      174,
      89,
      37,
      7,
      82,
      255,
      175,
      89,
      211,
      37,
      14,
      89,
      204,
      8,
      118,
      244,
      188,
      89,
      229,
      183,
      21,
      172,
      238,
      115,
      183
    ]
  },
  {
    "action": 3,
    "latent_code": [
      179,
      197,
      23,
      196,
      89,
      163,
      255,
      89,
      169,
      163,
      65,
      89,
      37,
      7,
      82,
      193,
      4,
      89,
      211,
      37,
      14,
      89,
      89,
      89,
      233,
      209,
      240,
      89,
      229,
      89,
      21,
      172,
      238,
      115,
      183
    ]
  },
  {
    "action": 8,
    "latent_code": [
      32,
      89,
      23,
      196,
      87,
      115,
      255,
      172,
      140,
      148,
      65,
      89,
      37,
      7,
      82,
      191,
      148,
      189,
      211,
      82,
      126,
      89,
      89,
      89,
      233,
      220,
      240,
      206,
      82,
      89,
      21,
      172,
      130,
      18,
      183
    ]
  },
  {
    "action": 1,
    "latent_code": [
      88,
      89,
      23,
      196,
      87,
      115,
      255,
      128,
      89,
      89,
      65,
      89,
      37,
      7,
      82,
      89,
      89,
      203,
      211,
      30,
      126,
      89,
      140,
      194,
      251,
      220,
      216,
      206,
      82,
      54,
      21,
      172,
      130,
      18,
      183
    ]
  },
  {
    "action": 2,
    "latent_code": [
      141,
      89,
      23,
      196,
      89,
      163,
      255,
      197,
      89,
      89,
      174,
      89,
      37,
      7,
      82,
      89,
      89,
      27,
      211,
      37,
      126,
      89,
      140,
      194,
      38,
      220,
      4,
      206,
      229,
      107,
      21,
      172,
      238,
      115,
      183
    ]
  },
  {
    "action": 3,
    "latent_code": [
      45,
      104,
      23,
      196,
      89,
      163,
      255,
      206,
      134,
      89,
      65,
      89,
      37,
      7,
      82,
      175,
      185,
      89,
      211,
      37,
      126,
      89,
      218,
      194,
      38,
      220,
      213,
      206,
      229,
      11,
      21,
      172,
      238,
      115,
      183
    ]
  },
  {
    "action": 8,
    "latent_code": [
      88,
      242,
      23,
      196,
      87,
      115,
      255,
      243,
      150,
      129,
      174,
      89,
      37,
      7,
      82,
      164,
      206,
      27,
      58,
      255,
      126,
      89,
      68,
      82,
      251,
      220,
      110,
      206,
      7,
      189,
      21,
      172,
      130,
      18,
      183
    ]
  },
  {
    "action": 7,
    "latent_code": [
      88,
      242,
      23,
      196,
      87,
      115,
      255,
      185,
      186,
      184,
      174,
      89,
      37,
      7,
      82,
      89,
      191,
      27,
      142,
      30,
      126,
      89,
      89,
      89,
      251,
      220,
      213,
      206,
      82,
      89,
      21,
      172,
      130,
      18,
      183
    ]
  },
  {
    "action": 0,
    "latent_code": [
      145,
      104,
      23,
      196,
      89,
      163,
      255,
      185,
      186,
      73,
      174,
      89,
      37,
      7,
      82,
      255,
      182,
      189,
      211,
      37,
      126,
      89,
      89,
      89,
      118,
      209,
      213,
      206,
      229,
      89,
      21,
      172,
      238,
      115,
      183
    ]
  },
  {
    "action": 2,
    "latent_code": [
      145,
      82,
      23,
      196,
      89,
      163,
      255,
      201,
      0,
      73,
      174,
      89,
      37,
      7,
      82,
      82,
      86,
      4,
      211,
      37,
      126,
      27,
      180,
      255,
      233,
      32,
      216,
      206,
      229,
      41,
      21,
      172,
      238,
      115,
      183
    ]
  },
  {
    "action": 7,
    "latent_code": [
      32,
      242,
      23,
      196,
      87,
      115,
      255,
      41,
      139,
      169,
      94,
      188,
      37,
      7,
      82,
      255,
      54,
      183,
      142,
      37,
      126,
      214,
      180,
      89,
      118,
      78,
      106,
      206,
      203,
      103,
      21,
      172,
      46,
      131,
      183
    ]
  },
  {
    "action": 0,
    "latent_code": [
      32,
      112,
      23,
      196,
      87,
      115,
      255,
      120,
      100,
      72,
      174,
      188,
      37,
      7,
      82,
      255,
      255,
      187,
      209,
      37,
      126,
      169,
      180,
      89,
      158,
      245,
      81,
      206,
      54,
      8,
      21,
      172,
      130,
      18,
      183
    ]
  },
  {
    "action": 7,
    "latent_code": [
      198,
      134,
      23,
      196,
      89,
      163,
      255,
      120,
      100,
      72,
      174,
      85,
      37,
      7,
      82,
      175,
      175,
      243,
      209,
      37,
      126,
      169,
      180,
      89,
      118,
      245,
      75,
      206,
      54,
      2,
      21,
      131,
      238,
      115,
      183
    ]
  },
  {
    "action": 2,
    "latent_code": [
      198,
      217,
      23,
      196,
      89,
      163,
      255,
      120,
      166,
      214,
      174,
      188,
      37,
      7,
      82,
      89,
      255,
      185,
      209,
      37,
      126,
      214,
      180,
      89,
      118,
      245,
      75,
      206,
      193,
      2,
      21,
      172,
      238,
      115,
      183
    ]
  },
  {
    "action": 8,
    "latent_code": [
      32,
      157,
      23,
      196,
      87,
      115,
      255,
      220,
      143,
      150,
      174,
      85,
      37,
      7,
      82,
      89,
      82,
      185,
      142,
      37,
      126,
      70,
      180,
      89,
      118,
      32,
      104,
      206,
      109,
      63,
      21,
      172,
      130,
      18,
      183
    ]
  },
  {
    "action": 2,
    "latent_code": [
      32,
      255,
      23,
      196,
      87,
      115,
      255,
      165,
      11,
      148,
      65,
      188,
      37,
      7,
      82,
      89,
      82,
      41,
      142,
      37,
      126,
      27,
      218,
      89,
      158,
      245,
      81,
      206,
      109,
      91,
      21,
      172,
      130,
      18,
      183
    ]
  },
  {
    "action": 3,
    "latent_code": [
      58,
      58,
      23,
      196,
      89,
      163,
      255,
      87,
      143,
      148,
      64,
      188,
      37,
      7,
      82,
      89,
      82,
      120,
      142,
      37,
      126,
      89,
      89,
      89,
      158,
      245,
      81,
      206,
      229,
      89,
      21,
      172,
      238,
      115,
      183
    ]
  },
  {
    "action": 5,
    "latent_code": [
      1,
      1,
      23,
      196,
      89,
      163,
      255,
      143,
      206,
      183,
      64,
      37,
      37,
      7,
      82,
      89,
      255,
      120,
      33,
      37,
      126,
      89,
      89,
      89,
      118,
      209,
      123,
      206,
      229,
      89,
      21,
      172,
      238,
      115,
      183
    ]
  },
  {
    "action": 1,
    "latent_code": [
      32,
      215,
      23,
      196,
      87,
      115,
      255,
      11,
      80,
      183,
      64,
      89,
      37,
      7,
      82,
      89,
      175,
      203,
      33,
      30,
      126,
      89,
      89,
      89,
      158,
      117,
      82,
      206,
      82,
      89,
      21,
      172,
      130,
      18,
      183
    ]
  },
  {
    "action": 5,
    "latent_code": [
      32,
      129,
      23,
      196,
      87,
      115,
      255,
      191,
      89,
      82,
      64,
      203,
      37,
      7,
      82,
      89,
      255,
      208,
      209,
      37,
      126,
      89,
      89,
      89,
      9,
      209,
      89,
      206,
      82,
      89,
      21,
      172,
      89,
      128,
      183
    ]
  },
  {
    "action": 4,
    "latent_code": [
      217,
      129,
      23,
      196,
      89,
      163,
      255,
      182,
      89,
      82,
      174,
      89,
      37,
      7,
      82,
      89,
      164,
      208,
      209,
      37,
      126,
      89,
      89,
      82,
      136,
      124,
      106,
      206,
      229,
      89,
      21,
      172,
      238,
      115,
      183
    ]
  },
  {
    "action": 7,
    "latent_code": [
      89,
      254,
      23,
      196,
      89,
      163,
      255,
      193,
      220,
      89,
      174,
      89,
      37,
      7,
      82,
      89,
      82,
      117,
      209,
      37,
      126,
      89,
      89,
      89,
      118,
      74,
      2,
      206,
      229,
      89,
      21,
      172,
      238,
      115,
      183
    ]
  },
  {
    "action": 8,
    "latent_code": [
      32,
      189,
      23,
      196,
      87,
      115,
      255,
      8,
      89,
      82,
      174,
      89,
      37,
      7,
      82,
      89,
      89,
      154,
      212,
      37,
      126,
      175,
      255,
      89,
      118,
      101,
      104,
      206,
      7,
      56,
      21,
      172,
      130,
      18,
      183
    ]
  },
  {
    "action": 5,
    "latent_code": [
      32,
      60,
      23,
      196,
      87,
      115,
      255,
      193,
      87,
      89,
      174,
      89,
      37,
      7,
      82,
      89,
      89,
      141,
      209,
      37,
      126,
      89,
      89,
      89,
      118,
      209,
      123,
      206,
      82,
      89,
      21,
      172,
      130,
      128,
      183
    ]
  },
  {
    "action": 3,
    "latent_code": [
      183,
      254,
      23,
      196,
      89,
      163,
      255,
      193,
      185,
      82,
      174,
      89,
      37,
      7,
      82,
      89,
      89,
      195,
      209,
      37,
      126,
      89,
      89,
      89,
      158,
      245,
      2,
      206,
      229,
      89,
      21,
      131,
      238,
      115,
      183
    ]
  },
  {
    "action": 3,
    "latent_code": [
      89,
      129,
      23,
      196,
      89,
      163,
      255,
      193,
      243,
      89,
      174,
      89,
      37,
      7,
      82,
      89,
      134,
      234,
      211,
      37,
      126,
      89,
      89,
      82,
      9,
      209,
      89,
      206,
      229,
      89,
      21,
      172,
      238,
      115,
      183
    ]
  },
  {
    "action": 3,
    "latent_code": [
      32,
      189,
      23,
      196,
      87,
      115,
      255,
      8,
      89,
      89,
      174,
      89,
      37,
      7,
      82,
      89,
      134,
      112,
      142,
      37,
      126,
      255,
      175,
      175,
      185,
      245,
      104,
      206,
      204,
      119,
      21,
      131,
      146,
      128,
      183
    ]
  },
  {
    "action": 7,
    "latent_code": [
      32,
      141,
      23,
      196,
      87,
      115,
      255,
      164,
      89,
      89,
      174,
      89,
      37,
      7,
      82,
      89,
      134,
      134,
      142,
      37,
      126,
      89,
      89,
      175,
      41,
      53,
      89,
      206,
      82,
      89,
      21,
      172,
      183,
      128,
      183
    ]
  },
  {
    "action": 2,
    "latent_code": [
      89,
      195,
      23,
      196,
      89,
      163,
      255,
      203,
      206,
      89,
      174,
      89,
      37,
      7,
      82,
      89,
      82,
      64,
      142,
      37,
      126,
      89,
      89,
      158,
      80,
      53,
      89,
      206,
      229,
      89,
      21,
      172,
      238,
      115,
      183
    ]
  },
  {
    "action": 1,
    "latent_code": [
      89,
      189,
      23,
      196,
      89,
      163,
      255,
      8,
      89,
      89,
      174,
      89,
      37,
      7,
      82,
      89,
      134,
      64,
      142,
      37,
      126,
      255,
      175,
      118,
      120,
      245,
      89,
      206,
      234,
      205,
      21,
      131,
      238,
      115,
      183
    ]
  },
  {
    "action": 3,
    "latent_code": [
      32,
      117,
      23,
      196,
      87,
      115,
      255,
      164,
      89,
      89,
      174,
      89,
      37,
      7,
      82,
      89,
      134,
      174,
      142,
      37,
      126,
      175,
      82,
      223,
      78,
      84,
      104,
      206,
      234,
      7,
      21,
      172,
      146,
      128,
      183
    ]
  },
  {
    "action": 0,
    "latent_code": [
      32,
      208,
      23,
      196,
      87,
      115,
      255,
      255,
      8,
      89,
      174,
      89,
      37,
      7,
      82,
      89,
      134,
      64,
      142,
      37,
      126,
      82,
      89,
      223,
      96,
      144,
      89,
      206,
      156,
      89,
      21,
      172,
      130,
      93,
      183
    ]
  },
  {
    "action": 0,
    "latent_code": [
      230,
      111,
      23,
      196,
      89,
      163,
      255,
      164,
      183,
      89,
      174,
      89,
      37,
      7,
      82,
      89,
      203,
      196,
      142,
      37,
      126,
      89,
      89,
      223,
      49,
      245,
      89,
      206,
      62,
      123,
      21,
      172,
      238,
      115,
      183
    ]
  },
  {
    "action": 0,
    "latent_code": [
      230,
      111,
      23,
      196,
      89,
      163,
      255,
      164,
      89,
      89,
      174,
      89,
      37,
      7,
      82,
      89,
      203,
      196,
      142,
      37,
      126,
      89,
      89,
      223,
      49,
      245,
      89,
      206,
      62,
      123,
      21,
      172,
      238,
      115,
      183
    ]
  },
  {
    "action": 6,
    "latent_code": [
      32,
      111,
      23,
      196,
      87,
      115,
      255,
      164,
      89,
      89,
      174,
      89,
      37,
      7,
      82,
      89,
      203,
      196,
      142,
      37,
      126,
      82,
      89,
      114,
      117,
      245,
      89,
      206,
      62,
      104,
      21,
      172,
      89,
      93,
      183
    ]
  },
  {
    "action": 6,
    "latent_code": [
      32,
      111,
      23,
      196,
      87,
      115,
      255,
      164,
      89,
      89,
      174,
      89,
      37,
      7,
      82,
      89,
      203,
      196,
      142,
      37,
      126,
      82,
      89,
      223,
      49,
      245,
      89,
      206,
      62,
      104,
      21,
      131,
      89,
      93,
      183
    ]
  },
  {
    "action": 6,
    "latent_code": [
      230,
      111,
      23,
      196,
      89,
      163,
      255,
      255,
      89,
      89,
      174,
      89,
      37,
      7,
      82,
      89,
      203,
      37,
      142,
      37,
      126,
      82,
      89,
      223,
      49,
      245,
      89,
      206,
      62,
      123,
      21,
      131,
      238,
      115,
      183
    ]
  },
  {
    "action": 4,
    "latent_code": [
      230,
      111,
      23,
      196,
      89,
      163,
      255,
      255,
      89,
      89,
      174,
      89,
      37,
      7,
      82,
      89,
      203,
      196,
      142,
      37,
      126,
      89,
      89,
      223,
      49,
      245,
      89,
      206,
      62,
      123,
      21,
      172,
      238,
      115,
      183
    ]
  },
  {
    "action": 6,
    "latent_code": [
      32,
      111,
      23,
      196,
      87,
      115,
      255,
      255,
      89,
      89,
      174,
      89,
      37,
      7,
      82,
      89,
      203,
      196,
      142,
      37,
      126,
      82,
      89,
      114,
      117,
      245,
      89,
      206,
      62,
      242,
      21,
      172,
      89,
      93,
      183
    ]
  },
  {
    "action": 1,
    "latent_code": [
      32,
      111,
      23,
      196,
      87,
      115,
      255,
      255,
      89,
      89,
      174,
      89,
      37,
      7,
      82,
      89,
      203,
      37,
      142,
      37,
      126,
      82,
      89,
      223,
      49,
      245,
      89,
      206,
      62,
      104,
      21,
      131,
      89,
      93,
      183
    ]
  },
  {
    "action": 8,
    "latent_code": [
      230,
      111,
      23,
      196,
      89,
      163,
      255,
      164,
      89,
      89,
      174,
      89,
      37,
      7,
      82,
      89,
      203,
      196,
      142,
      37,
      126,
      89,
      89,
      223,
      49,
      245,
      89,
      206,
      62,
      123,
      21,
      131,
      238,
      115,
      183
    ]
  },
  {
    "action": 4,
    "latent_code": [
      230,
      111,
      23,
      196,
      89,
      163,
      255,
      164,
      89,
      89,
      174,
      89,
      37,
      7,
      82,
      89,
      203,
      196,
      142,
      37,
      126,
      89,
      89,
      223,
      49,
      245,
      89,
      206,
      62,
      123,
      21,
      172,
      238,
      115,
      183
    ]
  },
  {
    "action": 8,
    "latent_code": [
      32,
      189,
      23,
      196,
      87,
      115,
      255,
      8,
      89,
      89,
      174,
      89,
      37,
      7,
      82,
      89,
      89,
      75,
      142,
      37,
      126,
      89,
      89,
      89,
      124,
      245,
      89,
      206,
      82,
      89,
      21,
      131,
      130,
      93,
      183
    ]
  },
  {
    "action": 1,
    "latent_code": [
      32,
      189,
      23,
      196,
      87,
      115,
      255,
      8,
      89,
      89,
      174,
      89,
      37,
      7,
      82,
      89,
      89,
      75,
      142,
      37,
      126,
      89,
      89,
      89,
      124,
      245,
      89,
      206,
      82,
      89,
      21,
      172,
      130,
      93,
      183
    ]
  },
  {
    "action": 4,
    "latent_code": [
      89,
      189,
      23,
      196,
      89,
      163,
      255,
      8,
      89,
      89,
      174,
      89,
      37,
      7,
      82,
      89,
      7,
      30,
      209,
      37,
      126,
      89,
      89,
      223,
      124,
      245,
      89,
      206,
      229,
      89,
      21,
      131,
      238,
      115,
      183
    ]
  },
  {
    "action": 6,
    "latent_code": [
      89,
      189,
      23,
      196,
      89,
      163,
      255,
      8,
      89,
      89,
      174,
      89,
      37,
      7,
      82,
      89,
      203,
      30,
      209,
      37,
      126,
      89,
      89,
      223,
      124,
      245,
      89,
      206,
      229,
      89,
      21,
      131,
      238,
      115,
      183
    ]
  },
  {
    "action": 4,
    "latent_code": [
      32,
      189,
      23,
      196,
      87,
      115,
      255,
      8,
      89,
      89,
      174,
      89,
      37,
      7,
      82,
      89,
      89,
      89,
      212,
      37,
      126,
      89,
      89,
      89,
      124,
      245,
      89,
      206,
      82,
      89,
      21,
      131,
      130,
      93,
      183
    ]
  },
  {
    "action": 4,
    "latent_code": [
      32,
      189,
      23,
      196,
      87,
      115,
      255,
      8,
      89,
      89,
      174,
      89,
      37,
      7,
      82,
      89,
      89,
      89,
      212,
      37,
      126,
      89,
      89,
      89,
      124,
      245,
      89,
      206,
      82,
      89,
      21,
      172,
      130,
      93,
      183
    ]
  },
  {
    "action": 1,
    "latent_code": [
      89,
      189,
      23,
      196,
      89,
      163,
      255,
      8,
      89,
      89,
      174,
      89,
      37,
      7,
      82,
      89,
      44,
      30,
      142,
      37,
      126,
      89,
      89,
      82,
      124,
      245,
      89,
      206,
      229,
      89,
      21,
      131,
      238,
      115,
      183
    ]
  },
  {
    "action": 3,
    "latent_code": [
      89,
      189,
      23,
      196,
      89,
      163,
      255,
      8,
      89,
      89,
      174,
      89,
      37,
      7,
      82,
      89,
      44,
      30,
      209,
      37,
      126,
      89,
      89,
      82,
      124,
      245,
      89,
      206,
      229,
      89,
      21,
      131,
      238,
      115,
      183
    ]
  },
  {
    "action": 2,
    "latent_code": [
      32,
      189,
      23,
      196,
      87,
      115,
      255,
      8,
      89,
      89,
      174,
      89,
      37,
      7,
      82,
      89,
      89,
      75,
      142,
      37,
      126,
      89,
      89,
      89,
      124,
      245,
      89,
      206,
      82,
      89,
      21,
      131,
      8,
      93,
      183
    ]
  },
  {
    "action": 2,
    "latent_code": [
      32,
      189,
      23,
      196,
      87,
      115,
      255,
      8,
      89,
      89,
      174,
      89,
      37,
      7,
      82,
      89,
      89,
      75,
      142,
      37,
      126,
      89,
      89,
      89,
      124,
      245,
      89,
      206,
      82,
      89,
      21,
      172,
      130,
      93,
      183
    ]
  },
  {
    "action": 6,
    "latent_code": [
      89,
      189,
      23,
      196,
      89,
      163,
      34,
      8,
      89,
      89,
      65,
      89,
      37,
      7,
      82,
      230,
      13,
      25,
      209,
      37,
      126,
      89,
      89,
      158,
      26,
      245,
      89,
      206,
      229,
      89,
      21,
      131,
      238,
      115,
      183
    ]
  },
  {
    "action": 5,
    "latent_code": [
      89,
      189,
      23,
      196,
      89,
      163,
      34,
      8,
      89,
      82,
      65,
      89,
      37,
      7,
      82,
      230,
      13,
      148,
      209,
      37,
      126,
      89,
      89,
      89,
      158,
      245,
      89,
      206,
      229,
      89,
      21,
      172,
      238,
      115,
      183
    ]
  },
  {
    "action": 5,
    "latent_code": [
      32,
      189,
      23,
      196,
      87,
      115,
      34,
      8,
      89,
      82,
      65,
      89,
      37,
      7,
      82,
      230,
      13,
      117,
      209,
      37,
      126,
      89,
      89,
      183,
      158,
      245,
      89,
      206,
      82,
      89,
      21,
      172,
      130,
      93,
      183
    ]
  },
  {
    "action": 3,
    "latent_code": [
      32,
      189,
      23,
      196,
      87,
      115,
      34,
      8,
      89,
      82,
      65,
      89,
      37,
      7,
      82,
      230,
      13,
      25,
      209,
      37,
      126,
      89,
      89,
      183,
      158,
      245,
      89,
      206,
      82,
      89,
      21,
      172,
      130,
      93,
      183
    ]
  },
  {
    "action": 8,
    "latent_code": [
      89,
      189,
      23,
      196,
      89,
      163,
      34,
      8,
      89,
      7,
      65,
      89,
      37,
      7,
      82,
      230,
      13,
      184,
      209,
      37,
      126,
      89,
      89,
      89,
      158,
      245,
      89,
      206,
      229,
      89,
      21,
      131,
      238,
      115,
      183
    ]
  },
  {
    "action": 0,
    "latent_code": [
      89,
      189,
      23,
      196,
      89,
      163,
      34,
      8,
      89,
      7,
      65,
      89,
      37,
      7,
      82,
      230,
      13,
      71,
      209,
      37,
      126,
      89,
      89,
      183,
      158,
      245,
      89,
      206,
      229,
      89,
      21,
      172,
      238,
      115,
      183
    ]
  },
  {
    "action": 3,
    "latent_code": [
      32,
      189,
      23,
      196,
      87,
      115,
      34,
      8,
      89,
      7,
      65,
      89,
      37,
      7,
      82,
      230,
      13,
      222,
      209,
      37,
      126,
      89,
      89,
      183,
      158,
      245,
      89,
      206,
      82,
      89,
      21,
      172,
      130,
      93,
      183
    ]
  },
  {
    "action": 1,
    "latent_code": [
      32,
      189,
      23,
      196,
      87,
      115,
      34,
      8,
      89,
      7,
      65,
      89,
      37,
      7,
      82,
      230,
      13,
      184,
      209,
      37,
      126,
      89,
      89,
      89,
      158,
      245,
      89,
      206,
      82,
      89,
      21,
      172,
      130,
      93,
      183
    ]
  },
  {
    "action": 3,
    "latent_code": [
      89,
      189,
      23,
      196,
      89,
      163,
      34,
      8,
      89,
      82,
      65,
      89,
      37,
      7,
      82,
      230,
      13,
      71,
      209,
      37,
      126,
      89,
      89,
      183,
      158,
      245,
      89,
      206,
      229,
      89,
      21,
      131,
      238,
      115,
      183
    ]
  },
  {
    "action": 8,
    "latent_code": [
      89,
      189,
      23,
      196,
      89,
      163,
      34,
      8,
      89,
      82,
      65,
      89,
      37,
      7,
      82,
      230,
      13,
      25,
      209,
      37,
      126,
      89,
      89,
      183,
      158,
      245,
      89,
      206,
      229,
      89,
      21,
      172,
      238,
      115,
      183
    ]
  }
]